1 0.3902770936841188
1 0.10097574996612468
1 0.3084411940852556
1 0.05188205563057802
1 0.1887728059200634
1 0.7328665230794167
1 0.20820741114765196
1 0.46077887447437893
1 0.6951439194233644
1 0.644392566615659
1 0.2784419205811267
1 0.8364820328025051
1 0.00697843274987775
1 0.4210154538084643
1 0.8964486317881056
1 0.4992588020046058
1 0.9179601295509855
1 0.24919191178769606
1 0.20695086841702404
1 0.041643833952964004
1 0.27328459579494235
1 0.7877518660102305
1 0.5318939802826494
1 0.14014804696425887
1 0.3615295293280203
1 0.18972135512075405
1 0.7161316499214546
1 0.49655389414323037
1 0.653800786337857
1 0.6139764670787591
1 0.8726492415739779
1 0.5455459866813045
1 0.8269522124831241
1 0.7936533355705078
1 0.3825791950433787
1 0.18359056732935097
1 0.4149039417859637
1 0.4870280852574552
1 0.6781155932515666
1 0.9233912395652621
1 0.6205605585500907
1 0.926620438574416
1 0.2905356932503692
1 0.5589122817827378
1 0.7905565317076391
1 0.7035623812389403
1 0.880888445782112
1 0.6378752005677275
1 0.8060336438673343
1 0.87681419278596
1 0.4875114242335843
1 0.7817980534372223
1 0.17488112633104969
1 0.4805971744448815
1 0.022389034059339785
1 0.16806112514028637
1 0.9243459328254702
1 0.018453432244224577
1 0.12746646787159466
1 0.29414677276336487
1 0.4876474724163484
1 0.9786304093624351
1 0.8623855199976644
1 0.48111506739454835
1 0.6542068200289973
1 0.8830284523837811
1 0.33670991347916357
1 0.4415413119670756
1 0.3103284329631205
1 0.890737223172903
1 0.32255923713123
1 0.636554907388519
1 0.13564704642041447
1 0.5172274900383426
1 0.08767237252850713
1 0.07728400967437088
1 0.6403810615332169
1 0.601552192203306
1 0.1742726357771407
1 0.6879236316830085
1 0.9294084035705785
1 0.25645137586353906
1 0.6157084670231977
1 0.3408094234371333
1 0.36140895158394826
1 0.17004313648008385
1 0.1306952675295635
1 0.19829325855448643
1 0.8347929205469916
1 0.2928230010909958
1 0.16408517966862324
1 0.05188082526530957
1 0.7768622731528045
1 0.6399825822673708
1 0.25344368964068165
1 0.9360054900516955
1 0.038627716595828865
1 0.6665974693907999
1 0.09231268586510188
1 0.4119767254011867
1 0.8049315255299695
1 0.43202344813357074
1 0.8338921421452395
1 0.5670555493376584
1 0.31800184070926063
1 0.5598795534027982
1 0.6329735164146616
1 0.9542734301546038
1 0.6822916045243065
1 0.8212846893502295
1 0.1593094536015649
1 0.41052514394336004
1 0.26943140797375165
1 0.02155448317600528
1 0.8322066635170038
1 0.9336301797850599
1 0.27435196708992593
1 0.7543536524314457
1 0.8239792145703234
1 0.5734712741450589
1 0.7871090482970889
1 0.5023382315911467
1 0.4590026503090132
1 0.5979829244036408
1 0.33966952917191484
1 0.5096111651904599
1 0.4954589354742126
1 0.03167653651886826
1 0.2628943424882676
1 0.8288538977003219
1 0.9184659157530145
1 0.032553008209240564
1 0.3461804893202701
1 0.9547855255257961
1 0.2961346095616616
1 0.47266778344559124
1 0.23070085150605402
1 0.4956400475850099
1 0.4542006766891672
1 0.5182771106046478
1 0.686907006125461
1 0.4056418091943673
1 0.21022703091709194
1 0.9674088705758369
1 0.4279368087311284
1 0.4039974870065295
1 0.17497664120894107
1 0.595864587847098
1 0.39279549571936623
1 0.3397127715426287
1 0.17640593806352023
1 0.7870741816650485
1 0.4966548650107875
1 0.42658070542978743
1 0.6908307277144845
1 0.27688849672363924
1 0.6903423507351437
1 0.4689773238689334
1 0.7761683703529606
1 0.9313087745471783
1 0.7970678892758849
1 0.42664013041830295
1 0.3937610818644409
1 0.09331660036810607
1 0.0016635116936492
1 0.9253930754550143
1 0.6781373896467924
1 0.18438165139212814
1 0.05608653485395476
1 0.6108215735423682
1 0.6681695979250885
1 0.9268885408524976
1 0.23466431060815152
1 0.5631893168205145
1 0.2484374725251669
1 0.7656385260069093
1 0.8235351048916196
1 0.344428984446596
1 0.5662092292767793
1 0.8097454563178156
1 0.460965414277935
1 0.6318261678286927
1 0.9873028968909712
1 0.89065980901468
1 0.9587019261991271
1 0.8080569165704532
1 0.7331924659579074
1 0.1377182347277388
1 0.32924153293169267
1 0.3235267355838014
1 0.702075122733617
1 0.8095307126628368
1 0.6198803700493455
1 0.1244988286186125
1 0.618216824412124
1 0.9876808384723806
1 0.8116288930546568
1 0.9492882218151011
1 0.5767457218861756
1 0.13862935255650877
1 0.47955684100277196
1 0.8348374241090456
1 0.2551641073006422
1 0.48037475034447685
1 0.13085796869701727
1 0.7472782509933044
1 0.5482009682998292
1 0.5523390402634759
1 0.13790208835771878
1 0.8526236522845897
1 0.14922943500754127
1 0.38011074414725077
1 0.9657672093272511
1 0.577522664348215
1 0.6493241742825875
1 0.15109123268272817
1 0.9572219303292357
1 0.27504992451539845
1 0.05413608399359493
1 0.3727545743486851
1 0.2828548322226213
1 0.006791177693228789
1 0.22911244301978329
1 0.07214536937558669
1 0.7900236486983849
1 0.6800245792599424
1 0.6751929755421412
1 0.7134024676664852
1 0.39152408218434176
1 0.5375869619609446
1 0.20996355774484476
1 0.15951162416735143
1 0.32335441970690704
1 0.7880532912730014
1 0.5833503508636172
1 0.1851527651293009
1 0.07067873599702124
1 0.9851464922014876
1 0.7922898194388914
1 0.759423077889878
1 0.012067986784833118
1 0.6178338993347685
1 0.8754104239482141
1 0.5603801264897148
1 0.8643249920273642
1 0.25635589531114933
1 0.26661448637242524
1 0.957763495035239
1 0.823675724819243
1 0.5144708324772488
1 0.365549077124498
1 0.005918340060758753
1 0.8938359039835517
1 0.034490090088880154
1 0.8433076795217299
1 0.8258567269031366
1 0.26743854742088347
1 0.679215482322199
1 0.3433046978094536
1 0.12355818710437128
1 0.7845346407913094
1 0.12368089773417512
1 0.660117399722665
1 0.491024348695312
1 0.43035562063233257
1 0.0796386493527299
1 0.18319070569553786
1 0.567266247381364
1 0.5542529029714426
1 0.457020394032148
1 0.3776524684404089
1 0.0983176797994928
1 0.9927064462931331
1 0.8691413734799147
1 0.34108783160729816
1 0.4285314749709197
1 0.5615206359138123
1 0.022205807999203353
1 0.022973239183509464
1 0.9798300720098034
1 0.44580240516545055
1 0.6947104331887155
1 0.5225722725900454
1 0.8312452000011927
1 0.8610433778831126
1 0.20863211157523143
1 0.9914464220542204
1 0.5979963972371416
1 0.9846038536491017
1 0.5218246373600577
1 0.05833644756481138
1 0.4275212289368411
1 0.56412345020665
1 0.32983871689444566
1 0.36702053156515635
1 0.07928520967451613
1 0.7978594974888594
1 0.8554184101202016
1 0.7718579342196975
1 0.735862064143511
1 0.05168123062193575
1 0.3252162990609173
1 0.9710776520137291
1 0.4046906406307166
1 0.7284236818174639
1 0.4858085320439208
1 0.8744734828351969
1 0.5130775502966521
1 0.13753273958603496
1 0.894880213114989
1 0.8000185744367867
1 0.5734294339420857
1 0.5264082985855034
1 0.13849064982134385
1 0.673013873978113
1 0.6013623036308143
1 0.5295799220855144
1 0.5716166497764951
1 0.7617365598526584
1 0.30625012802170126
1 0.16782543500933522
1 0.6567117529910972
1 0.12515609107856163
1 0.9419379857276412
1 0.18656966848441658
1 0.48380778258413093
1 0.8711369988798658
1 0.10476015753418633
1 0.9613770096027912
1 0.5957245071432873
1 0.5276492230251922
1 0.6966668001904542
1 0.4180780687078135
1 0.8132421031709648
1 0.31485839380305813
1 0.7331772921595893
1 0.41604746726977504
1 0.35763020098850473
1 0.8725698003833141
1 0.6690424601681587
1 0.825375786836173
1 0.20171642826343128
1 0.04535146378885302
1 0.43891162501880554
1 0.09215613020078595
1 0.24571627865277557
1 0.6567635242634451
1 0.4659648337130109
1 0.430831326079574
1 0.6103354994723187
1 0.8144722538075571
1 0.4783844313664367
1 0.9085252685998917
1 0.06719468560341824
1 0.17962900948858473
1 0.0917044478797514
1 0.593507884942489
1 0.38541568181483277
1 0.8067457275884826
1 0.7644899983648491
1 0.6284199142904827
1 0.16324737954534518
1 0.614400210515084
1 0.9154633491232875
1 0.5586104329871371
1 0.5348988086961158
1 0.28245606044096216
1 0.7021069477110025
1 0.49691623373496907
1 0.9952851825386996
1 0.38808362114199135
1 0.20393826993443342
1 0.7384391912938678
1 0.46918270164104814
1 0.8907197918938093
1 0.5280648911594928
1 0.2523540737348188
1 0.6663263778314326
1 0.6552064172748489
1 0.6602925322156626
1 0.07250558723303102
1 0.7102743007460011
1 0.5626980912382332
1 0.721973037570925
1 0.9845304888955203
1 0.006401056294358276
1 0.9005320435607487
1 0.6609428534032199
1 0.06446704001014825
1 0.32317179258033735
1 0.14510452689495212
1 0.30431697150867076
1 0.5622899758815749
1 0.1008876234028705
1 0.9558991076868211
1 0.13156746348580606
1 0.343537011677291
1 0.07338212599274441
1 0.18416445112948143
1 0.08822945460332643
1 0.6031681266885552
1 0.3906877622255037
1 0.9663403439292843
1 0.2537415424639896
1 0.84802631499403
1 0.564479937473746
1 0.5201823388822804
1 0.20134208810611542
1 0.2077447463323011
1 0.7231459131862322
1 0.09063732348071218
1 0.44360630444417226
1 0.9786718669617033
1 0.859614164770771
1 0.6028731251825037
1 0.4441235909930019
1 0.931362528784098
1 0.9826196927205623
1 0.971467680593232
1 0.29397825200132244
1 0.31940964682416684
1 0.3408688546948626
1 0.6876142002870096
1 0.30111128617160055
1 0.7158679400489403
1 0.17960748295566353
1 0.26030074813214266
1 0.4213043682107611
1 0.773247294850137
1 0.8103840191323105
1 0.3227738909465355
1 0.671441809922971
1 0.7540300818407568
1 0.12733927925846766
1 0.7321980064992208
1 0.40886989664308293
1 0.21089350557105846
1 0.0871431122555194
1 0.7882729155773346
1 0.6350874061623816
1 0.5092942667080878
1 0.08473728855230245
1 0.7756745896974897
1 0.2876647970974622
1 0.9797997188448337
1 0.6033332884201967
1 0.39553491741166935
1 0.8212040665202922
1 0.36352608551467225
1 0.9946523577954067
1 0.29277802152871935
1 0.24631502817852768
1 0.8712707632304469
1 0.7541845443565959
1 0.8089825708560371
1 0.19499770646428727
1 0.6154026310732085
1 0.19628244985041476
1 0.2945405821576298
1 0.5114852287797943
1 0.393300573442008
1 0.0051942106157055745
1 0.7992352235694892
1 0.329514690617271
1 0.8021068600024231
1 0.7406797304258927
1 0.7269613364730299
1 0.5901586441050313
1 0.44678930109112325
1 0.010642933131020715
1 0.08816438322640541
1 0.47876286023975445
1 0.5669814213295855
1 0.688251999031277
1 0.3126743362385739
1 0.3152008757411341
1 0.7527979777390207
1 0.24730839378994895
1 0.19596361497311465
1 0.018569457987932858
1 0.5457982393824053
1 0.01716513938500641
1 0.4434589306058224
1 0.38561345787607537
1 0.6284970718190784
1 0.9172829928318774
1 0.4503885848480156
1 0.07158211036596374
1 0.9943000230302594
1 0.02155283630725957
1 0.40874883854331845
1 0.3428837721202733
1 0.9594650313959593
1 0.12380186862682108
1 0.568323882229815
1 0.3828190171149837
1 0.12967013037971742
1 0.3284392883133529
1 0.495295820896819
1 0.1748372061674066
1 0.46599331078419237
1 0.5739873807941298
1 0.4698327663654698
1 0.76217482833224
1 0.40858665551050477
1 0.9122820346571409
1 0.7431444044687174
1 0.9883982699186918
1 0.6110539506406621
1 0.3124163800611136
1 0.23484604535935638
1 0.660288291507651
1 0.21451750163300365
1 0.7360402162585409
1 0.3930740099218555
1 0.44266634333865074
1 0.7475859636846877
1 0.23941635356815727
1 0.36264632953280185
1 0.6941780524136215
1 0.6769122998028463
1 0.8976752626046544
1 0.3106645410149921
1 0.8837128665239339
1 0.35275684152931064
1 0.4179970148893454
1 0.7443040538000144
1 0.18905253557323698
1 0.5949474979894481
1 0.41098988285215166
1 0.9221417050187387
1 0.37250584741890236
1 0.4468554273268954
1 0.423323241210654
1 0.008221265100389119
1 0.05270065332110985
1 0.6884810980322246
1 0.9997115858105894
1 0.4471584719965175
1 0.04736813258108663
1 0.5444724026574334
1 0.23863587478066428
1 0.14893968129193336
1 0.5488691872256164
1 0.648872880993598
1 0.5337271658278746
1 0.46366872673251447
1 0.5123755026947374
1 0.7356245514062691
1 0.4515264624392099
1 0.5993691293044998
1 0.7860333152153157
1 0.7123268294105405
1 0.9863743420046402
1 0.09004954334292503
1 0.19310106058732956
1 0.7444791459171881
1 0.7544722342720754
1 0.1565925932860871
1 0.987966344245125
1 0.7284116242066598
1 0.04169677169190866
1 0.31962818850653074
1 0.8511121001071059
1 0.06333478953093696
1 0.003537670868639653
1 0.4214043307181842
1 0.8625151739991087
1 0.9464156937985755
1 0.7305685139400995
1 0.2927701268887082
1 0.698625528735748
1 0.5095146510131837
1 0.33914877396606513
1 0.6617368178468427
1 0.6349873652009391
1 0.9921929241265924
1 0.7245947375484647
1 0.5416844401687171
1 0.8047283079657437
1 0.8028287602581148
1 0.12284623349473756
1 0.26013358590247915
1 0.5625564497875969
1 0.7581553804835474
1 0.16669414588597753
1 0.493102642671723
1 0.7345691258775714
1 0.011261218815291185
1 0.6939241347997772
1 0.1554232251673544
1 0.9960915427818816
1 0.17906926163054526
1 0.16727003979262967
1 0.7639873273671437
1 0.6129273859666572
1 0.9625388977684123
1 0.19985982535861913
1 0.9387517152212793
1 0.30581737902924155
1 0.11631028061126891
1 0.3448760197233858
1 0.03542688600509725
1 0.0535660768325158
1 0.9692376478769616
1 0.004441771034002451
1 0.5141285744913316
1 0.23721133382339255
1 0.8232348343146085
1 0.04028236182465672
1 0.5398724912833783
1 0.6457743907131933
1 0.46508242314603276
1 0.4275013713596493
1 0.4836436372588441
1 0.513543423926364
1 0.7143230742409095
1 0.08284976200953864
1 0.4468735922673237
1 0.9395066480268406
1 0.40009743959285493
1 0.8201549454997877
1 0.6675104802406715
1 0.7514656468417664
1 0.41075027777448825
1 0.23811628155600206
1 0.6824682078125406
1 0.12052358216805215
1 0.492262658616607
1 0.22946229796405315
1 0.4190926139940031
1 0.006056811309110954
1 0.2850425504613262
1 0.7155040318320844
1 0.9673842766634387
1 0.8169424895667349
1 0.6833330073126864
1 0.15640803846601814
1 0.6450689455494643
1 0.5117293584390075
1 0.9774734597602697
1 0.36505163283794917
1 0.10920823721883177
1 0.7286020384868201
1 0.39647631966421226
1 0.1611118489400506
1 0.6908946945769989
1 0.43540408058791014
1 0.6068575041067743
1 0.44207896081711984
1 0.8336772371985798
1 0.02064856194754816
1 0.44338640350135206
1 0.31917410307274696
1 0.5017138597073475
1 0.7083592597439806
1 0.6483967867895236
1 0.06869007806572314
1 0.6902510195426675
1 0.6727495760905761
1 0.6785274332280882
1 0.783062860000286
1 0.718879603578123
1 0.2531602442814461
1 0.7012371933597333
1 0.7710209570495969
1 0.8171199220295956
1 0.2253410886053172
1 0.7481660657564314
1 0.952448674780855
1 0.6222389288987832
1 0.172076038009086
1 0.6183904197217268
1 0.7211379739144819
1 0.6008051189018634
1 0.6143148632188558
1 0.5318471741738944
1 0.0073935229649746415
1 0.07833758942040892
1 0.713388793710355
1 0.7216777398426619
1 0.5624936419381242
1 0.5155074600290346
1 0.03555178017975136
1 0.1239699616626807
1 0.8082997677828125
1 0.9047018092702606
1 0.08200265844090626
1 0.07435215080263824
1 0.9478455376577642
1 0.6773609837421019
1 0.030707808919365975
1 0.45312014903072895
1 0.41652578764627923
1 0.3103527917899268
1 0.41075824276063233
1 0.03405497038757899
1 0.16854512118983744
1 0.8987475557271867
1 0.23565844224738397
1 0.8868149611201599
1 0.739574289342543
1 0.32271047957832844
1 0.4588589003956669
1 0.5587631300653451
1 0.5041021427050423
1 0.2778287771675185
1 0.483008294529672
1 0.4193168364212684
1 0.05475961914295269
1 0.3610426884394231
1 0.8538149042429504
1 0.988383439713152
1 0.1709314483343094
1 0.6084513984548907
1 0.20007167595224773
1 0.2901723243872867
1 0.4152604324801332
1 0.36661587577019716
1 0.9433122491051855
1 0.27465010418965086
1 0.999187959425214
1 0.14558259772637439
1 0.2937308825724073
1 0.13113231084489596
1 0.19246369914111483
1 0.1497038523533052
1 0.5734117125833702
1 0.8819817010645167
1 0.21659639255520657
1 0.5114311444806523
1 0.96357790250207
1 0.9891097156207499
1 0.2585066057949359
1 0.8636107055405251
1 0.35948491196531296
1 0.8319538623460039
1 0.9681817996950061
1 0.7774109937942661
1 0.13474618106684344
1 0.8228312423632399
1 0.562922384956648
1 0.765863982021067
1 0.2662934579238977
1 0.6140438918710545
1 0.450807339466341
1 0.007103353743883045
1 0.45183864447476685
1 0.32083909371176933
1 0.10729641613932261
1 0.676734673832387
1 0.5636172201571846
1 0.9353037772652538
1 0.7914252620298334
1 0.795373555488037
1 0.02535806604469304
1 0.13849907533057237
1 0.5718388592639865
1 0.7952400930604469
1 0.47383836457765727
1 0.5316174183552894
1 0.04794767500940311
1 0.588798910175482
1 0.3720461011881342
1 0.9016712478285047
1 0.0977799947157344
1 0.7827858138086208
1 0.07788712502864092
1 0.5131988364150101
1 0.9616430804395688
1 0.8225639044853542
1 0.2405373955694987
1 0.5746995426312627
1 0.9794945971711687
1 0.2746031021583175
1 0.29595561895791245
1 0.9669870892701935
1 0.3399651234821538
1 0.15897895621918356
1 0.2637347871647411
1 0.040376299661779136
1 0.2702615399371572
1 0.22913804995342246
1 0.00938606490729843
1 0.7885947236983462
1 0.19871969936096356
1 0.362778865683115
1 0.6293119097858021
1 0.9895383291597698
1 0.5555649345743171
1 0.775548512756662
1 0.6401394504779621
1 0.9664653634887724
1 0.04247658358946138
1 0.5983573705448932
1 0.20974962857279522
1 0.4679505076502427
1 0.39784305469928094
1 0.46946523917334826
1 0.7542511054877227
1 0.7908972720498163
1 0.9121321715242673
1 0.1840939473545531
1 0.8433123095475128
1 0.6781331155111711
1 0.20659111777115335
1 0.11717343345163744
1 0.505679281134172
1 0.7105888083034813
1 0.07852906763640788
1 0.08892918545698303
1 0.7073702717738203
1 0.8837894700425267
1 0.5377245388346638
1 0.5783710714995357
1 0.9869531526270287
1 0.8093620559607843
1 0.5110392669953383
1 0.7063449435405279
1 0.9754747743957994
1 0.5144897411119094
1 0.07610843945278056
1 0.2076598620504977
1 0.8030262045424643
1 0.12572102920578887
1 0.500016900325661
1 0.6909054729887685
1 0.19959152202076147
1 0.8182674213225811
1 0.8051601226588398
1 0.8449256574055887
1 0.43474163242967867
1 0.2879004294078704
1 0.06202683064614656
1 0.8925159641488032
1 0.10889940579643898
1 0.6597847028575922
1 0.11743054303011502
1 0.5147641384288313
1 0.20831566776839383
1 0.187061586858154
1 0.006755363423624261
1 0.6735544240116865
1 0.7665601134721906
1 0.3117228082627116
1 0.8700707749077209
1 0.24510807903480925
1 0.9372452735430297
1 0.6612914801932945
1 0.7945093955042507
1 0.1440335872875107
1 0.27586536304642817
1 0.3370538327956537
1 0.6390903050769047
1 0.6652127077491418
1 0.5530464379071972
1 0.41306131104034494
1 0.5632101976994993
1 0.099948627809753
1 0.47716780307203543
1 0.9098501083514132
1 0.6763129368657803
1 0.2931551512059365
1 0.2912292077304661
1 0.6328006979092369
1 0.9537879998271848
1 0.6999672902949893
1 0.32700183503308744
1 0.17228735601855316
1 0.3229366178864961
1 0.673004201491354
1 0.24891583106207515
1 0.05124389981139388
1 0.612883804052867
1 0.16561858937220475
1 0.900800572227992
1 0.47549804705819354
1 0.8836037010832098
1 0.7718168019793227
1 0.3805082471610892
1 0.3932043347966774
1 0.5017644090674301
1 0.04013613711426023
1 0.21061543644152458
1 0.6019310083925458
1 0.2148875713312529
1 0.2966175308214407
1 0.24781112176431874
1 0.45543354311686546
1 0.3903573317165038
1 0.7911126855699997
1 0.27924415235545896
1 0.3168737892522894
1 0.5321020652954692
1 0.8415171414609764
1 0.09101656938395741
1 0.28122062923986546
1 0.16531134784720214
1 0.7921217592650399
1 0.16217393155291016
1 0.8467936090027967
1 0.18833992226591478
1 0.025126536190553383
1 0.03695725949515183
1 0.15438911473382289
1 0.8309892719326203
1 0.9684630759284402
1 0.8587457923306065
1 0.1321536784699857
1 0.42964646271090734
1 0.02842238858562185
1 0.5110334598095945
1 0.38534669235294505
1 0.3322991815273051
1 0.6421874888522595
1 0.30394612917137254
1 0.9523606924340664
1 0.38023476951851176
1 0.19322069397575647
1 0.16922086995754604
1 0.11184444826575235
1 0.5782701175182697
1 0.3615581267894593
1 0.8822323051054853
1 0.2704999801381516
1 0.7616486059193565
1 0.5914145159399459
1 0.916565372469082
1 0.5871020634871157
1 0.29527880150089825
1 0.750103829875606
1 0.15479791142660992
1 0.3955145063607739
1 0.09977941211709063
1 0.7251320664268817
1 0.8285704293393018
1 0.6779547046380275
1 0.5888333639914063
1 0.6604209390816426
1 0.7416843264299453
1 0.8094839938324417
1 0.4236434581571845
1 0.7679715141462845
1 0.041884361204803655
1 0.5456783609636222
1 0.3428206322557833
1 0.16788012627905347
1 0.5501447466295059
1 0.7576602924900475
1 0.7098255770167702
1 0.007468636480531532
1 0.930692663721457
1 0.7321493898874575
1 0.835122785202369
1 0.18939409145668906
1 0.7906667931309505
1 0.9489154526137795
1 0.5764956225014497
1 0.3989537021120423
1 0.13522257581903463
1 0.12399510998896135
1 0.19851012528366496
1 0.7624025534002555
1 0.4720602614976559
1 0.9642586347909295
1 0.9809039045684146
1 0.39095370706626853
1 0.2587653598965398
1 0.5173911366268279
1 0.6057158717120817
1 0.26923085956263704
1 0.3170157527079944
1 0.22107806788208773
1 0.9242618584205129
1 0.4322963588163262
1 0.2996231435553429
1 0.7561620085226256
1 0.30759930025212856
1 0.14197827635760463
1 0.28954116332344837
1 0.590764314593988
1 0.41791443095860514
1 0.8210717895880821
1 0.13438623741937716
1 0.6658412550128162
1 0.9033036181814846
1 0.8330923824626286
1 0.17568137758474855
1 0.017371361308299416
1 0.2147098523409795
1 0.8056086691832159
1 0.6189472049448039
1 0.2563472660189343
1 0.47131456440733266
1 0.08678579772670136
1 0.9089283854248281
1 0.7349712031747587
1 0.05947373072258322
1 0.09762049729339617
1 0.12365817246310196
1 0.9159310175865769
1 0.4403264139030366
1 0.7964513051904377
1 0.5817272212698451
1 0.9313588508998744
1 0.4624932645827109
1 0.20767873817250726
1 0.5690372604792202
1 0.5690522311097904
1 0.3288209368672882
1 0.9832318297823605
1 0.33448447823048577
1 0.9557634823936599
1 0.24991796682152356
1 0.2631688086080657
1 0.27843070642513423
1 0.020839654013056097
1 0.7322664164539004
1 0.6809015621666337
1 0.5634856791738931
1 0.4182222857260164
1 0.3949831048159709
1 0.2188850828698643
1 0.21403677595728343
1 0.960792434888232
1 0.18684228292495086
1 0.7622141176114476
1 0.13912723854889242
1 0.7782731263371557
1 0.8839623027695558
1 0.6204216035798141
1 0.41269768282094277
1 0.3483781989022663
1 0.7885959539853931
1 0.9918744877398953
1 0.5758699148530463
1 0.27062230928220166
1 0.6207551603692246
1 0.33051416299212444
1 0.6878659496461295
1 0.1531845506038798
1 0.6969380277477057
1 0.8412906228784789
1 0.34531955466943665
1 0.26544366631190863
1 0.6240166395576288
1 0.8784904361772101
1 0.9141512136312645
1 0.6722799005176777
1 0.9013822318201833
1 0.8502610526877997
1 0.77384169288558
1 0.41096529072369814
1 0.020733931873006206
1 0.3429843148862045
1 0.4608538871274468
1 0.8974400222789197
1 0.8804359843947938
1 0.5707549713864364
1 0.2161157131648247
1 0.15600006782856835
1 0.5901575507143508
1 0.9280704753889564
1 0.5908919080475555
1 0.6548967358863108
1 0.03154839551130173
1 0.37794051724972966
1 0.4460357665819882
1 0.5000763910233001
1 0.8619925621497941
1 0.6429758431524492
1 0.8915268187496898
1 0.4902645352301749
1 0.0010214079113902708
1 0.6836182016857028
1 0.45636359370003743
1 0.06882505485132351
1 0.0227563484485771
1 0.7455237715856846
1 0.05329534126393154
1 0.5213021142669155
1 0.2927907193949639
1 0.33721515051460926
1 0.10854038094434537
1 0.862278960910827
1 0.13420918303298857
1 0.8594674710580981
1 0.5635527992706508
1 0.7311640512035852
1 0.784982446862688
1 0.24949665826892076
1 0.32406340004835554
1 0.273741501333605
1 0.41776364595219617
1 0.9258687959901918
1 0.13103469626037334
1 0.424800014845397
1 0.03315210690172132
1 0.52415138124192
1 0.7588339579301586
1 0.22688011413219222
1 0.6087794938504754
1 0.39867882936590515
1 0.9078424352049753
1 0.8211568493275488
1 0.48911173153766485
1 0.6324061709128114
1 0.15188259203832755
1 0.5287011955137475
1 0.6346499166742136
1 0.3446761563985701
1 0.8252597797428733
1 0.003840223381361474
1 0.014251850471877159
1 0.41582707464219093
1 0.7898782247910314
1 0.78606254308327
1 0.12058551941871243
1 0.35791951256913257
1 0.6098060198562304
1 0.7028920720740267
1 0.3162641807789215
1 0.9524625127163682
1 0.7788269960799366
1 0.4833797758049305
1 0.47700246034806704
1 0.44887063071326105
1 0.29593222597600766
1 0.6303398540702977
1 0.18817155421761744
1 0.5714850915791563
1 0.06436743530885014
1 0.06918267367610431
1 0.5724206593060485
1 0.3183440245300865
1 0.30176684506552875
1 0.3421742472361867
1 0.6785711540984612
1 0.5514880995825259
1 0.39206811662171004
1 0.14917800964275474
1 0.2457786491123023
1 0.6764393618258436
1 0.38431688105735273
1 0.8494111491708114
1 0.5719974353986966
1 0.28759310784183745
1 0.6491338403916865
1 0.13347494337062726
1 0.1620710209146915
1 0.5166132915250263
1 0.04053080143541532
1 0.45089435961729407
1 0.8083108373207009
1 0.9625248640880766
1 0.27892690930909203
1 0.935629199223615
1 0.7652151780531269
1 0.5050464448175519
1 0.17062961350290806
1 0.5104954893416895
1 0.7200187886448391
1 0.006809671134809903
1 0.7097095346892861
1 0.5711624333398803
1 0.3320529395237818
1 0.8954622584077112
1 0.07011218507263273
1 0.15136680932917446
1 0.21643480959864903
1 0.8832535645121564
1 0.9890136358644668
1 0.7532129152995469
1 0.38139395346819394
1 0.6295536010037196
1 0.06684117116391242
1 0.08990372644750211
1 0.29358266507892117
1 0.9808565628418779
1 0.0650444184578215
1 0.8329737728123555
1 0.9420067374476317
1 0.53317366474913
1 0.36961577790498834
1 0.08207294960424627
1 0.49875093336428533
1 0.6533191490436906
1 0.40652391244754515
1 0.6825750515789659
1 0.43346382163949115
1 0.7684471846913109
1 0.9446374644546655
1 0.7047626376670655
1 0.2286049973089317
1 0.6872972931998051
1 0.9023805205430703
1 0.3680660697222967
1 0.1637468936724863
1 0.9519583213283805
1 0.48627519412174347
1 0.44481074963570366
1 0.9897623958497825
1 0.7355623763334733
1 0.23269124206875458
1 0.7101538793583335
1 0.6975188608216534
1 0.5991715151989572
1 0.7985359704175496
1 0.3183678510820558
1 7.377009021349856E-4
1 0.5002219459489372
1 0.1522824217116968
1 0.08035445626382487
1 0.5989682290910342
1 0.805241417588122
1 0.15364744058346125
1 0.4932506644022394
1 0.7641632523568643
1 0.7011579084577204
1 0.3783955467678942
1 0.030212690980617962
1 0.3031328117626041
1 0.32236831807266086
1 0.44415842898860647
1 0.636942669051066
1 0.4881921919256893
1 0.11483824580084734
1 0.023824128507926035
1 0.6012475415437349
1 0.11960850221543895
1 0.4438551357260797
1 0.19496378805885894
1 0.9628977487302085
1 0.4859897783702998
1 0.2186584069065165
1 0.7669281391423131
1 0.4132784286235198
1 0.6225496393059462
1 0.35502243195936145
1 0.7516598836177305
1 0.1978035269765861
1 0.9322191938938522
1 0.22596888597590614
1 0.1999320474583205
1 0.8787893152253448
1 0.9308671545985712
1 0.8611375192685414
1 0.21163679682647452
1 0.9424601869565874
1 0.6054285320357881
1 0.5469449817744452
1 0.04691282775080219
1 0.14098663369359143
1 0.6325305901535501
1 0.6525139226993926
1 0.9143137607696783
1 0.14893146906671617
1 0.4952446329560968
1 0.9604550934590366
1 0.19288420118569338
1 0.5832072115907542
1 0.35688049653608367
1 0.5169376482799066
1 0.5569236829056607
1 0.6866238135096346
1 0.40328043409823855
1 0.03208388239469262
1 0.7153832681519137
1 0.007332739177989933
1 0.24885727740176333
1 0.1595762246582213
1 0.25225344279130624
1 0.2199499167630954
1 0.9166619118987802
1 0.5634663798195866
1 0.3599658428943484
1 0.8288665351871901
1 0.8490528338604306
1 0.5405270094495812
1 0.09474586845471467
1 0.8702331384973134
1 0.38308100686147617
1 0.10808942196604487
1 0.1510167011377368
1 0.886329503788189
1 0.13349115692968838
1 0.8901607637828856
1 0.05136986475846228
1 0.38450873728562684
1 0.7662804363004968
1 0.8387166787609986
1 0.07928113395052105
1 0.712630927682472
1 0.717044139323858
1 0.8124170536056368
1 0.243664842996013
1 0.7838784387192224
1 0.5108771521489831
1 0.3015932479314871
1 0.057523757788163765
1 0.366070759259003
1 0.47438911996804944
1 0.13620753339190672
1 0.9373656046891076
1 0.7140744558318061
1 0.7954302661812442
1 0.8425866394322753
1 0.5857212496364693
1 0.16862936021733632
1 0.08241378428262802
1 0.4250831865243945
1 0.8060142535117666
1 0.9708891599711919
1 0.8026598945709722
1 0.7404196824369232
1 0.817194696424097
1 0.9492012845384077
1 0.23797553712477237
1 0.30532227089919084
1 0.2849649381314453
1 0.9231268722009736
1 0.8857231688168847
1 0.3321522021611124
1 0.9670885479997661
1 0.6394290328564298
1 0.5549206361562801
1 0.022594753451677052
1 0.0821881563551683
1 0.8057336380931293
1 0.7594535445832052
1 0.6660674085414973
1 0.2546016467765031
1 0.3197931719466074
1 0.3942703440853472
1 0.8873596617772102
1 0.16228038611828088
1 0.10576179127084884
1 0.09546982684974237
1 0.46711934484998996
1 0.8203771817774019
1 0.0636149932512593
1 0.13147932049625388
1 0.5191515761292752
1 0.7700857215495784
1 0.5138249375944349
1 0.15006103546840044
1 0.45009753943242026
1 0.3104574201648559
1 0.1766282010166106
1 0.6146734893629378
1 0.04991272722166051
1 0.31033540631032375
1 0.16370008339318276
1 0.30375335815752824
1 0.2656652757067044
1 0.06820977341508905
1 0.6797754537855526
1 0.8177727743237441
1 0.6965264537307604
1 0.1497119349903303
1 0.1327330239238268
1 0.641465560900096
1 0.6144276459612084
1 0.12563026728678361
1 0.1328865552924391
1 0.9424056174383674
1 0.3627087903983631
1 0.6577433390871407
1 0.42570296294981946
1 0.9521589910184016
1 0.31418561782392296
1 0.435430562963699
1 0.1468938428337354
1 0.47252106838504415
1 0.18041409709322231
1 0.052934753034572624
1 0.914803232130671
1 0.7768884311325847
1 0.3555323161960381
1 0.035315127511299504
1 0.18224184483206884
1 0.9356049798394026
1 0.1509112389614502
1 0.87054261603634
1 0.9583935223220704
1 0.3841601255401652
1 0.23094802519201862
1 0.08585449986161164
1 0.4811467631180789
1 0.3744064312691553
1 0.2956862354746088
1 0.11839846360998996
1 0.6711808307521423
1 0.8015031552674998
1 0.07254974780131795
1 0.9733609449925238
1 0.2313623375575551
1 0.7830806263133968
1 0.9773279853630864
1 0.43718819358808614
1 0.06848448402049834
1 0.2821604758797901
1 0.38365204388066854
1 0.9191729268034867
1 0.3091084159580606
1 0.011654587146368911
1 0.3005530224965398
1 0.8315931569848518
1 0.5572420311035017
1 0.8358058166522786
1 0.3992948128287338
1 0.7867543421765407
1 0.1988183174959539
1 0.892721809038069
1 0.7535257979402783
1 0.7886993086524892
1 0.49641223803033574
1 0.702192673232881
1 0.36089507682818545
1 0.028015222396108985
1 0.9373612008392964
1 0.5942722357644673
1 0.49963059971156376
1 0.8500806414755191
1 0.7994310470907201
1 0.8966417041575981
1 0.24017809573086535
1 0.960259524041519
1 0.18039594989065189
1 0.45256363712332126
1 0.9798512254850921
1 0.9539633401930347
1 0.801377231427764
1 0.20627287510766512
1 0.697544817317031
1 0.8151669166913658
1 0.738512527554947
1 0.7889408907693837
1 0.735915078565176
1 0.1138765135187626
1 0.8635035855250596
1 0.2658881918832052
1 0.3100314633909206
1 0.2512143460158718
1 0.18081716889536448
1 0.4645090633604808
1 0.6143574223942819
1 0.25019618651798503
1 0.4377903153862802
1 0.5924118651712434
1 0.3540177115512556
1 0.27094388471558717
1 0.35361784837017907
1 0.1765669645916076
1 0.7616625309706685
1 0.24098846406528185
1 0.5641764167623212
1 0.7067937257311078
1 0.6778396530785251
1 0.7344828659494206
1 0.9118658784234462
1 0.7507070169544526
1 0.07063753750000368
1 0.5085584802869187
1 0.023125697773666132
1 0.722282233886172
1 0.4494638005131544
1 0.9107229234690531
1 0.21101020078232346
1 0.9324880179419541
1 0.9881755174880315
1 0.7081108585473268
1 0.6161833907452124
1 0.02797340113386726
1 0.8143783328169854
1 0.757563791541697
1 0.1569205183065776
1 0.4325868088986513
1 0.8445641226892288
1 0.3349285129503373
1 0.297179882941366
1 0.9465418709053713
1 0.7488578442415886
1 0.8726284367241838
1 0.861535567972737
1 0.22933528567540173
1 0.11449559431336298
1 0.3164756127721635
1 0.12673753337038152
1 0.4950603496270286
1 0.6437581051708005
1 0.3058555310325385
1 0.20189267538786215
1 0.3825488472456161
1 0.2699349561926323
1 0.9058310863113773
1 0.27273699358704884
1 0.6278136574666552
1 0.40399652736629943
1 0.6753755927008644
1 0.6301949137671342
1 0.862552575880549
1 0.13500223866304129
1 0.4428591784768693
1 0.5293993945434748
1 0.5900137165766507
1 0.09887517715974237
1 0.2780772287567884
1 0.8325721195289449
1 0.1483115505146012
1 0.903025019772631
1 0.7995227158927204
1 0.07764024372235379
1 0.2613215599525547
1 0.44840214077898344
1 0.13626939582535902
1 0.0841921246945897
1 0.5985712218197242
1 0.2259179466835015
1 0.5757460036229072
1 0.4593518341867313
1 0.618082835181166
1 0.6807678543838969
1 0.17184624004851723
1 0.3983780335631536
1 0.8499144815878804
1 0.03604472666812286
1 0.36223308925115605
1 0.9882698235161408
1 0.6931828042404719
1 0.5461322849557152
1 0.9493604101802914
1 0.8173884924445597
1 0.7456413921935512
1 0.010719675249967642
1 0.6366479980439015
1 0.07008086621950282
1 0.6624274104830549
1 0.5218795969671435
1 0.6794116804163156
1 0.44251644464524165
1 0.5493778585579611
1 0.8395044226476663
1 0.10956283139385814
1 0.15442687563828061
1 0.9363562873053557
1 0.49449604941613157
1 0.4237563672358934
1 0.05116323753302454
1 0.4473196777735856
1 0.7044564115873061
1 0.5865804142285466
1 0.29146280638086197
1 0.386394272183877
1 0.45322812322901374
1 0.6935444587715912
1 0.3985439389541231
1 0.5930180923484187
1 0.6334852272263275
1 0.6630373314272183
1 0.5156237195661768
1 0.08424745704289949
1 0.9806762287351245
1 0.8820902762607089
1 0.5516803200469115
1 0.19861291715011942
1 0.636973071878674
1 0.8176939271718133
1 0.5292576717402312
1 0.1834501970737641
1 0.5754809559656999
1 0.22358323591632656
1 0.8533376522980146
1 0.42641989500073474
1 0.7878158499677441
1 0.7218171296271343
1 0.4087805101185341
1 0.8219692207290024
1 0.09225789548200558
1 0.2191446276298208
1 0.3635616194231832
1 0.08477813493528163
1 0.6550406022020934
1 0.830062950547355
1 0.3060088989512595
1 0.1747710320433672
1 0.833937031360603
1 0.72163698629313
1 0.8764715440725681
1 0.38206425082198214
1 0.751156074775403
1 0.5695641869279199
1 0.3673279055332799
1 0.035259142885818995
1 0.08166332263656484
1 0.12063200940556695
1 0.8599662522945951
1 0.24277895749988632
1 0.9033923786524991
1 0.6936302264540154
1 0.3433491800832712
1 0.5544869910183937
1 0.09741460149241865
1 0.31894355950055253
1 0.9159987832086396
1 0.9396129880008373
1 0.7089860851586841
1 0.6164647148326703
1 0.6117161995750552
1 0.017053059214264366
1 0.8844929053047319
1 0.44213175721113496
1 0.6090761401608293
1 0.04539808156093239
1 0.48466686939635717
1 0.7953076663846982
1 0.5857126917017675
1 0.7825843716858893
1 0.2410455869029532
1 0.4723845470474751
1 0.7606404770776919
1 0.9588494366018567
1 0.37050227867418317
1 0.4764080814573449
1 0.7313305227915019
1 0.7717146670087207
1 0.8917725809227436
1 0.24818300247548375
1 0.5569878343355864
1 0.5080061159947225
1 0.4982564319989832
1 0.37123340616469436
1 0.6654534117241776
1 0.1254633269338189
1 0.7329758055299654
1 0.5211564915994691
1 0.06838070610192892
1 0.3852752548944063
1 0.38441927996966985
1 0.07932203957772599
1 0.05781241839215412
1 0.9169215763416845
1 0.4761072934643982
1 0.011534037093207328
1 0.02701070992834309
1 0.4179866255122452
1 0.9580624918937212
1 0.3241851419146923
1 0.3093698742281463
1 0.04415199647774892
1 0.22497184541483384
1 0.6535982375514536
1 0.9614676778046471
1 0.9283636847865623
1 0.8836781896835842
1 0.3186641202170617
1 0.2297876064854143
1 0.6832076059515162
1 0.7717409412356536
1 0.4725477188278566
1 0.035371223386973516
1 0.6868174134497257
1 0.08915691572846718
1 0.8261497395878914
1 0.18663602693623293
1 0.9301769316194063
1 0.6469338584787312
1 0.7841745942900039
1 0.18782124616996243
1 0.21246900539598657
1 0.6590610170460078
1 0.7340694376435526
1 0.4490000484323271
1 0.5111611524699391
1 0.20852232396882975
1 0.6587632378336866
1 0.4233235390750353
1 0.4248080809272461
1 0.5033496466447636
1 0.20604900632250833
1 0.6981383925426948
1 0.6890896119714389
1 0.3053148937654987
1 0.8406162152877623
1 0.34884661004739936
1 0.9003921028013903
1 0.46171157185259015
1 0.7291545854027167
1 0.9278521846572786
1 0.746280012968898
1 0.29977749899834794
1 0.5646142219440858
1 0.30566635352036975
1 0.23849382512253325
1 0.753662504631916
1 0.6226218247753545
1 0.2072194519259728
1 0.6716493745233413
1 0.4854461815553489
1 0.9612157451840174
1 0.6936542576565656
1 0.2896024912507109
1 0.934562331523694
1 0.8244777947479858
1 0.028351487476652282
1 0.9314823106494892
1 0.18408837515465482
1 0.9913029646598521
1 0.33566602909372334
1 0.2506854841104953
1 0.7677094574299377
1 0.022462479073127928
1 0.21182742061022808
1 0.45266249427822614
1 0.0577689420441061
1 0.10228019759854623
1 0.9796862540494626
1 0.8811164058463937
1 0.6726677675364953
1 0.4456555268328872
1 0.5924633065937016
1 0.19727381424560475
1 0.42097743261761955
1 0.04683087269486119
1 0.2863859104575205
1 0.3431758655214079
1 0.6599828776935818
1 0.8832151947331648
1 0.9580719490893566
1 0.9574775282191503
1 0.5879723088060506
1 0.5557396158327854
1 0.8997486256612701
1 0.42103133178622676
1 0.9124437959539148
1 0.7466350143770732
1 0.9638697464893157
1 0.2495713456684885
1 0.5404989487090168
1 0.8061853640471269
1 0.44842195044465905
1 0.12210221745672145
1 0.42304619619939554
1 0.2419250043123563
1 0.99518651442328
1 0.43613701946254324
1 0.45103743409559094
1 0.8769120090077507
1 0.5754501772257319
1 0.9147165305754729
1 0.34981359791953603
1 0.9681233414020625
1 0.20113511960106434
1 0.4551825366625216
1 0.8467361559293891
1 0.6316827472086766
1 0.34404451870745645
1 0.10596514713629146
1 0.9976328095347635
1 0.5085448419266858
1 0.17189661648742294
1 0.7851851965202871
1 0.4491880218569265
1 0.722424347571866
1 0.6170473610755337
1 0.1136601518061684
1 0.5872595791505169
1 0.83117259165012
1 0.9822774015958147
1 0.5249418227135316
1 0.9752048612305099
1 0.653467595604301
1 0.2577464750931351
1 0.6363035178904562
1 0.22165117521371624
1 0.5645987846849975
1 0.5741946058898234
1 0.717132271167479
1 0.43374696806673174
1 0.09829017697224829
1 0.24969560860960494
1 0.9749721779949453
1 0.7097816099895203
1 0.4659212966542702
1 0.7007459793085631
1 0.29450271146252616
1 0.704163325357772
1 0.9101682521807306
1 0.08319763440571482
1 0.011025898191665995
1 0.1580962208793728
1 0.6470017763131253
1 0.904520480454202
1 0.2775746718142019
1 0.4308993393778626
1 0.5181430522773238
1 0.006106699244249336
1 0.5935440890984699
1 0.48976153856508886
1 0.3754921909100254
1 0.2528057584027089
1 0.10278619896498165
1 0.5198281712945041
1 0.6497085163003028
1 0.9866052127723822
1 0.34039801883328236
1 0.30186692603198706
1 0.5170353337794807
1 0.8023490898532465
1 0.20997162216323462
1 0.7713615336018929
1 0.5716265313582548
1 0.48561251702539554
1 0.10686436008740652
1 0.7207339845110395
1 0.9350461325877997
1 0.016327429586091013
1 0.2680855945660088
1 0.4354969104040791
1 0.2902757439071171
1 0.3864807846055569
1 0.6256866033339942
1 0.16549023274479013
1 0.4144796467040328
1 0.6061835472264347
1 0.668078221615897
1 0.7239567188880252
1 0.40294034664956613
1 0.6796350682420937
1 0.07249043977941771
1 0.1800632269803666
1 0.9259922568412304
1 0.5209839306356945
1 0.1618273744117822
1 0.5645762890576952
1 0.5414450852941975
1 0.7498132956752397
1 0.5604594002044996
1 0.7437511736089188
1 0.296901987594294
1 0.05695489993645986
1 0.776034245115065
1 0.1330964845431558
1 0.5995426884337468
1 0.3635626333813915
1 0.818176979963203
1 0.7205266265379058
1 0.605354562877087
1 0.30985332029785995
1 0.37998857768729866
1 0.9475172827622703
1 0.18545998713153267
1 0.7046484824689304
1 0.5545414990328379
1 0.3572292541603347
1 0.8641012019403134
1 0.4428279477055501
1 0.536109772561866
1 0.5601688897576049
1 0.9910089647282756
1 0.0550322694914237
1 0.26466012854906085
1 0.9908039923358951
1 0.8102944952025077
1 0.49242777349135625
1 0.512170171885754
1 0.1326560597856219
1 0.01866901090905504
1 0.9690744221676327
1 0.4806278931354696
1 0.3747410078323463
1 0.8677085836424807
1 0.6854135434078087
1 0.5841066419776723
1 0.4288325600592243
1 0.8580466279931369
1 0.038618551194009254
1 0.7210983710337125
1 0.28487337886016784
1 0.5977899437326633
1 0.4890288691766679
1 0.008326871397281388
1 0.010961309159697286
1 0.4531187964312098
1 0.5966133995024621
1 0.6435521919165573
1 0.31468899910521697
1 0.2059449495076281
1 0.8673868922298361
1 0.29241640441422934
1 0.6742171369696894
1 0.051666329429149616
1 0.9569284832915279
1 0.15316933168352198
1 0.02031305147665996
1 0.9194704764943282
1 0.4666290740339505
1 0.6431530145362766
1 0.4046878362043126
1 0.2783033417264631
1 0.038019963831985026
1 0.472211818211573
1 0.8253168352686021
1 0.3035339351651697
1 0.7015121993769217
1 0.7207343261265
1 0.3960300287089089
1 0.5225093040095602
1 0.4681027563314324
1 0.4238229442180421
1 0.34550983684506664
1 0.8316087378701367
1 0.9660796529176517
1 0.07812498329505024
1 0.9099363138126866
1 0.08306957702001061
1 0.5194853329024842
1 0.4341491467228492
1 0.04387062638107264
1 0.27677163906315005
1 0.44107370357770825
1 0.9144298775924818
1 0.015569275683038342
1 0.7603310533001241
1 0.4697232631720075
1 0.006690969642148659
1 0.37577349312120134
1 0.7402681986480373
1 0.22074456650354424
1 0.02119944311748856
1 0.4931194353679327
1 0.8376789869005252
1 0.23724795702663226
1 0.6727891870441018
1 0.8346665283482746
1 0.3837524133785247
1 0.7317127313088813
1 0.050573269795740394
1 0.4366427617240962
1 0.6436411845066471
1 0.38912670518602466
1 0.6721526004564381
1 0.5583575991369545
1 0.18160708651259305
1 0.6665408255147464
1 0.48416833401529846
1 0.3413342085201858
1 0.13602583947448943
1 0.8686103554392854
1 0.8673333269861869
1 0.4060646894946901
1 0.2597509136003834
1 0.9046710921148461
1 0.9316182985409817
1 0.7103936742236339
1 0.19949957711333777
1 0.04012472768654374
1 0.6460563971150507
1 0.6663864335666317
1 0.6373386236379966
1 0.14338498115176646
1 0.637669666803099
1 0.4666404121761074
1 0.5980112849006326
1 0.8993622471821373
1 0.8153093224686038
1 0.8063493994633241
1 0.4377605036436607
1 0.2114408075718145
1 0.3267415042532421
1 0.7040321759075576
1 0.7734687653532627
1 0.5461299214731941
1 0.74109844497221
1 0.9216882985650872
1 0.8853474298217703
1 0.2880459826945676
1 0.7638548024551959
1 0.564245537075733
1 0.9320738820980187
1 0.2676098349562015
1 0.23777772024126254
1 0.7985153435857695
1 0.6541877855253394
1 0.49981997273062406
1 0.6608375504031498
1 0.2734733702084883
1 0.10972263336845345
1 0.8296885324145362
1 0.960856813673864
1 0.746534982403847
1 0.3854623072259853
1 0.6184041266051727
1 0.8067120879241674
1 0.6245958597793763
1 0.15787651637488076
1 0.8240114878112841
1 0.30719427385225895
1 0.6139603576034215
1 0.4397034249664963
2 0.4562940234039272
2 0.3130105144933336
2 0.6234396589942011
2 0.5859275020066375
2 0.9450852743136264
2 0.16470441147192716
2 0.8082452130378478
2 0.13992436915900996
2 0.2162887632593833
2 0.3721612183890336
2 0.4508580919119246
2 0.3526624299678306
2 0.0013321905200186501
2 0.1683835502320381
2 0.4339298774249807
2 0.19835546338619225
2 0.6074113132511545
2 0.5891778479962948
2 0.10285200595474842
2 0.8274236293084791
2 0.26585080403087713
2 0.5422044469953935
2 0.47114592620112483
2 0.6189957414047678
2 0.2379275171359574
2 0.5135938713586169
2 0.5407530347775577
2 0.4409395592931141
2 0.9831184908149839
2 0.6362815319808818
2 0.6012683720079256
2 0.7951850026600337
2 0.6332122752310881
2 0.8842511119934305
2 0.07626392450086739
2 0.9567695272523979
2 0.735448946121047
2 0.22816664600550596
2 0.47019873351661323
2 0.1769483445102381
